function cent = conv_mom_5_4(m10000,m01000,m00100,m00010,m00001,m20000,m11000,m02000,m10100,m01100,m00200,m10010,m01010,m00110,m00020,m10001,m01001,m00101,m00011,m00002,m30000,m21000,m12000,m03000,m20100,m11100,m02100,m10200,m01200,m00300,m20010,m11010,m02010,m10110,m01110,m00210,m10020,m01020,m00120,m00030,m20001,m11001,m02001,m10101,m01101,m00201,m10011,m01011,m00111,m00021,m10002,m01002,m00102,m00012,m00003,m40000,m31000,m22000,m13000,m04000,m30100,m21100,m12100,m03100,m20200,m11200,m02200,m10300,m01300,m00400,m30010,m21010,m12010,m03010,m20110,m11110,m02110,m10210,m01210,m00310,m20020,m11020,m02020,m10120,m01120,m00220,m10030,m01030,m00130,m00040,m30001,m21001,m12001,m03001,m20101,m11101,m02101,m10201,m01201,m00301,m20011,m11011,m02011,m10111,m01111,m00211,m10021,m01021,m00121,m00031,m20002,m11002,m02002,m10102,m01102,m00202,m10012,m01012,m00112,m00022,m10003,m01003,m00103,m00013,m00004)
%CONV_MOM_5_4
%    CENT = CONV_MOM_5_4(M10000,M01000,M00100,M00010,M00001,M20000,M11000,M02000,M10100,M01100,M00200,M10010,M01010,M00110,M00020,M10001,M01001,M00101,M00011,M00002,M30000,M21000,M12000,M03000,M20100,M11100,M02100,M10200,M01200,M00300,M20010,M11010,M02010,M10110,M01110,M00210,M10020,M01020,M00120,M00030,M20001,M11001,M02001,M10101,M01101,M00201,M10011,M01011,M00111,M00021,M10002,M01002,M00102,M00012,M00003,M40000,M31000,M22000,M13000,M04000,M30100,M21100,M12100,M03100,M20200,M11200,M02200,M10300,M01300,M00400,M30010,M21010,M12010,M03010,M20110,M11110,M02110,M10210,M01210,M00310,M20020,M11020,M02020,M10120,M01120,M00220,M10030,M01030,M00130,M00040,M30001,M21001,M12001,M03001,M20101,M11101,M02101,M10201,M01201,M00301,M20011,M11011,M02011,M10111,M01111,M00211,M10021,M01021,M00121,M00031,M20002,M11002,M02002,M10102,M01102,M00202,M10012,M01012,M00112,M00022,M10003,M01003,M00103,M00013,M00004)

%    This function was generated by the Symbolic Math Toolbox version 6.3.
%    09-Apr-2017 13:08:27

t2 = m10000.^2;
t3 = m01000.^2;
t4 = m00100.^2;
t5 = m00010.^2;
t6 = m00001.^2;
cent = [0.0;0.0;0.0;0.0;0.0;m20000-t2;m11000-m01000.*m10000;m02000-t3;m10100-m00100.*m10000;m01100-m00100.*m01000;m00200-t4;m10010-m00010.*m10000;m01010-m00010.*m01000;m00110-m00010.*m00100;m00020-t5;m10001-m00001.*m10000;m01001-m00001.*m01000;m00101-m00001.*m00100;m00011-m00001.*m00010;m00002-t6;m30000-m10000.*m20000.*3.0+m10000.*t2.*2.0;m21000-m01000.*m20000-m10000.*m11000.*2.0+m01000.*t2.*2.0;m12000-m01000.*m11000.*2.0-m02000.*m10000+m10000.*t3.*2.0;m03000-m01000.*m02000.*3.0+m01000.*t3.*2.0;m20100-m00100.*m20000-m10000.*m10100.*2.0+m00100.*t2.*2.0;m11100-m00100.*m11000-m01000.*m10100-m01100.*m10000+m00100.*m01000.*m10000.*2.0;m02100-m00100.*m02000-m01000.*m01100.*2.0+m00100.*t3.*2.0;m10200-m00100.*m10100.*2.0-m00200.*m10000+m10000.*t4.*2.0;m01200-m00100.*m01100.*2.0-m00200.*m01000+m01000.*t4.*2.0;m00300-m00100.*m00200.*3.0+m00100.*t4.*2.0;m20010-m00010.*m20000-m10000.*m10010.*2.0+m00010.*t2.*2.0;m11010-m00010.*m11000-m01000.*m10010-m01010.*m10000+m00010.*m01000.*m10000.*2.0;m02010-m00010.*m02000-m01000.*m01010.*2.0+m00010.*t3.*2.0;m10110-m00010.*m10100-m00100.*m10010-m00110.*m10000+m00010.*m00100.*m10000.*2.0;m01110-m00010.*m01100-m00100.*m01010-m00110.*m01000+m00010.*m00100.*m01000.*2.0;m00210-m00010.*m00200-m00100.*m00110.*2.0+m00010.*t4.*2.0;m10020-m00010.*m10010.*2.0-m00020.*m10000+m10000.*t5.*2.0;m01020-m00010.*m01010.*2.0-m00020.*m01000+m01000.*t5.*2.0;m00120-m00010.*m00110.*2.0-m00020.*m00100+m00100.*t5.*2.0;m00030-m00010.*m00020.*3.0+m00010.*t5.*2.0;m20001-m00001.*m20000-m10000.*m10001.*2.0+m00001.*t2.*2.0;m11001-m00001.*m11000-m01000.*m10001-m01001.*m10000+m00001.*m01000.*m10000.*2.0;m02001-m00001.*m02000-m01000.*m01001.*2.0+m00001.*t3.*2.0;m10101-m00001.*m10100-m00100.*m10001-m00101.*m10000+m00001.*m00100.*m10000.*2.0;m01101-m00001.*m01100-m00100.*m01001-m00101.*m01000+m00001.*m00100.*m01000.*2.0;m00201-m00001.*m00200-m00100.*m00101.*2.0+m00001.*t4.*2.0;m10011-m00001.*m10010-m00010.*m10001-m00011.*m10000+m00001.*m00010.*m10000.*2.0;m01011-m00001.*m01010-m00010.*m01001-m00011.*m01000+m00001.*m00010.*m01000.*2.0;m00111-m00001.*m00110-m00010.*m00101-m00011.*m00100+m00001.*m00010.*m00100.*2.0;m00021-m00001.*m00020-m00010.*m00011.*2.0+m00001.*t5.*2.0;m10002-m00001.*m10001.*2.0-m00002.*m10000+m10000.*t6.*2.0;m01002-m00001.*m01001.*2.0-m00002.*m01000+m01000.*t6.*2.0;m00102-m00001.*m00101.*2.0-m00002.*m00100+m00100.*t6.*2.0;m00012-m00001.*m00011.*2.0-m00002.*m00010+m00010.*t6.*2.0;m00003-m00001.*m00002.*3.0+m00001.*t6.*2.0;m40000-m10000.*m30000.*4.0+m20000.*t2.*6.0-t2.^2.*3.0;m31000-m01000.*m30000-m10000.*m21000.*3.0+m11000.*t2.*3.0+m01000.*m10000.*m20000.*3.0-m01000.*m10000.*t2.*3.0;m22000-m01000.*m21000.*2.0-m10000.*m12000.*2.0+m02000.*t2+m20000.*t3-t2.*t3.*3.0+m01000.*m10000.*m11000.*4.0;m13000-m01000.*m12000.*3.0-m03000.*m10000+m11000.*t3.*3.0+m01000.*m02000.*m10000.*3.0-m01000.*m10000.*t3.*3.0;m04000-m01000.*m03000.*4.0+m02000.*t3.*6.0-t3.^2.*3.0;m30100-m00100.*m30000-m10000.*m20100.*3.0+m10100.*t2.*3.0+m00100.*m10000.*m20000.*3.0-m00100.*m10000.*t2.*3.0;m21100-m00100.*m21000-m01000.*m20100-m10000.*m11100.*2.0+m01100.*t2+m00100.*m01000.*m20000+m00100.*m10000.*m11000.*2.0+m01000.*m10000.*m10100.*2.0-m00100.*m01000.*t2.*3.0;m12100-m00100.*m12000-m01000.*m11100.*2.0-m02100.*m10000+m10100.*t3+m00100.*m01000.*m11000.*2.0+m00100.*m02000.*m10000+m01000.*m01100.*m10000.*2.0-m00100.*m10000.*t3.*3.0;m03100-m00100.*m03000-m01000.*m02100.*3.0+m01100.*t3.*3.0+m00100.*m01000.*m02000.*3.0-m00100.*m01000.*t3.*3.0;m20200-m00100.*m20100.*2.0-m10000.*m10200.*2.0+m00200.*t2+m20000.*t4-t2.*t4.*3.0+m00100.*m10000.*m10100.*4.0;m11200-m00100.*m11100.*2.0-m01000.*m10200-m01200.*m10000+m11000.*t4+m00100.*m01000.*m10100.*2.0+m00100.*m01100.*m10000.*2.0+m00200.*m01000.*m10000-m01000.*m10000.*t4.*3.0;m02200-m00100.*m02100.*2.0-m01000.*m01200.*2.0+m00200.*t3+m02000.*t4-t3.*t4.*3.0+m00100.*m01000.*m01100.*4.0;m10300-m00100.*m10200.*3.0-m00300.*m10000+m10100.*t4.*3.0+m00100.*m00200.*m10000.*3.0-m00100.*m10000.*t4.*3.0;m01300-m00100.*m01200.*3.0-m00300.*m01000+m01100.*t4.*3.0+m00100.*m00200.*m01000.*3.0-m00100.*m01000.*t4.*3.0;m00400-m00100.*m00300.*4.0+m00200.*t4.*6.0-t4.^2.*3.0;m30010-m00010.*m30000-m10000.*m20010.*3.0+m10010.*t2.*3.0+m00010.*m10000.*m20000.*3.0-m00010.*m10000.*t2.*3.0;m21010-m00010.*m21000-m01000.*m20010-m10000.*m11010.*2.0+m01010.*t2+m00010.*m01000.*m20000+m00010.*m10000.*m11000.*2.0+m01000.*m10000.*m10010.*2.0-m00010.*m01000.*t2.*3.0;m12010-m00010.*m12000-m01000.*m11010.*2.0-m02010.*m10000+m10010.*t3+m00010.*m01000.*m11000.*2.0+m00010.*m02000.*m10000+m01000.*m01010.*m10000.*2.0-m00010.*m10000.*t3.*3.0;m03010-m00010.*m03000-m01000.*m02010.*3.0+m01010.*t3.*3.0+m00010.*m01000.*m02000.*3.0-m00010.*m01000.*t3.*3.0;m20110-m00010.*m20100-m00100.*m20010-m10000.*m10110.*2.0+m00110.*t2+m00010.*m00100.*m20000+m00010.*m10000.*m10100.*2.0+m00100.*m10000.*m10010.*2.0-m00010.*m00100.*t2.*3.0;m11110-m00010.*m11100-m00100.*m11010-m01000.*m10110-m01110.*m10000+m00010.*m00100.*m11000+m00010.*m01000.*m10100+m00010.*m01100.*m10000+m00100.*m01000.*m10010+m00100.*m01010.*m10000+m00110.*m01000.*m10000-m00010.*m00100.*m01000.*m10000.*3.0;m02110-m00010.*m02100-m00100.*m02010-m01000.*m01110.*2.0+m00110.*t3+m00010.*m00100.*m02000+m00010.*m01000.*m01100.*2.0+m00100.*m01000.*m01010.*2.0-m00010.*m00100.*t3.*3.0;m10210-m00010.*m10200-m00100.*m10110.*2.0-m00210.*m10000+m10010.*t4+m00010.*m00100.*m10100.*2.0+m00010.*m00200.*m10000+m00100.*m00110.*m10000.*2.0-m00010.*m10000.*t4.*3.0;m01210-m00010.*m01200-m00100.*m01110.*2.0-m00210.*m01000+m01010.*t4+m00010.*m00100.*m01100.*2.0+m00010.*m00200.*m01000+m00100.*m00110.*m01000.*2.0-m00010.*m01000.*t4.*3.0;m00310-m00010.*m00300-m00100.*m00210.*3.0+m00110.*t4.*3.0+m00010.*m00100.*m00200.*3.0-m00010.*m00100.*t4.*3.0;m20020-m00010.*m20010.*2.0-m10000.*m10020.*2.0+m00020.*t2+m20000.*t5-t2.*t5.*3.0+m00010.*m10000.*m10010.*4.0;