function cent = conv_mom_2_4(m10,m01,m20,m11,m02,m30,m21,m12,m03,m40,m31,m22,m13,m04)
%CONV_MOM_2_4
%    CENT = CONV_MOM_2_4(M10,M01,M20,M11,M02,M30,M21,M12,M03,M40,M31,M22,M13,M04)

%    This function was generated by the Symbolic Math Toolbox version 6.3.
%    10-Apr-2017 12:36:20

t2 = m10.^2;
t3 = m01.^2;
cent = [0.0;0.0;m20-t2;m11-m01.*m10;m02-t3;m30-m10.*m20.*3.0+m10.*t2.*2.0;m21-m01.*m20-m10.*m11.*2.0+m01.*t2.*2.0;m12-m01.*m11.*2.0-m02.*m10+m10.*t3.*2.0;m03-m01.*m02.*3.0+m01.*t3.*2.0;m40-m10.*m30.*4.0+m20.*t2.*6.0-t2.^2.*3.0;m31-m01.*m30-m10.*m21.*3.0+m11.*t2.*3.0+m01.*m10.*m20.*3.0-m01.*m10.*t2.*3.0;m22-m01.*m21.*2.0-m10.*m12.*2.0+m02.*t2+m20.*t3-t2.*t3.*3.0+m01.*m10.*m11.*4.0;m13-m01.*m12.*3.0-m03.*m10+m11.*t3.*3.0+m01.*m02.*m10.*3.0-m01.*m10.*t3.*3.0;m04-m01.*m03.*4.0+m02.*t3.*6.0-t3.^2.*3.0];
