function cent = bbbb(m100,m010,m001,m200,m110,m020,m101,m011,m002,m300,m210,m120,m030,m201,m111,m021,m102,m012,m003)
%BBBB
%    CENT = BBBB(M100,M010,M001,M200,M110,M020,M101,M011,M002,M300,M210,M120,M030,M201,M111,M021,M102,M012,M003)

%    This function was generated by the Symbolic Math Toolbox version 6.3.
%    09-Apr-2017 12:58:20

t2 = m100.^2;
t3 = m010.^2;
t4 = m001.^2;
cent = [0.0;0.0;0.0;m200-t2;m110-m010.*m100;m020-t3;m101-m001.*m100;m011-m001.*m010;m002-t4;m300-m100.*m200.*3.0+m100.*t2.*2.0;m210-m010.*m200-m100.*m110.*2.0+m010.*t2.*2.0;m120-m010.*m110.*2.0-m020.*m100+m100.*t3.*2.0;m030-m010.*m020.*3.0+m010.*t3.*2.0;m201-m001.*m200-m100.*m101.*2.0+m001.*t2.*2.0;m111-m001.*m110-m010.*m101-m011.*m100+m001.*m010.*m100.*2.0;m021-m001.*m020-m010.*m011.*2.0+m001.*t3.*2.0;m102-m001.*m101.*2.0-m002.*m100+m100.*t4.*2.0;m012-m001.*m011.*2.0-m002.*m010+m010.*t4.*2.0;m003-m001.*m002.*3.0+m001.*t4.*2.0];
